1424.92247029802
1430.44591946061
1441.8991710351
1494.07105502598
1469.99534092316
1458.29212303064
1454.29632278775
1480.64684304548
1519.99431798051
1493.43625243768
1514.02270440992
1495.51285795311
1467.51550052881
1414.89006174629
1380.92594392736
1441.76354498891
1450.42160401247
1409.9109847166
1399.89019790587
1371.66331839295
1387.19365154914
1382.58263284428
1411.07317986431
1436.40144508787
1441.42758549157
1443.49608575369
1445.15805563307
1452.38312268648
1437.90610866185
1397.67017969456
1385.77622078701
1351.22475402386
1403.12095262695
1382.5730919248
1375.91806635743
1391.6615281182
1394.52598493975
1358.32269187546
1334.24520426067
1311.06136681181
1354.4756191714
1352.37140844525
1408.76799267907
1429.19261001485
1437.73652809305
1436.2743556567
1449.26847704457
1470.97403308889
1485.31495273198
1472.85381768977
1482.75256003046
1485.10847909052
1462.31515959997
1485.78731621121
1472.09854816394
1461.87088379282
1437.36195892148
1454.43964033897
1474.04433676088
1482.33825987109
1482.76504107897
1485.6298206683
1505.65158999562
1503.69943285696
1522.75499284854
1513.95840692575
1541.78855623082
1549.77358441439
1544.01120444034
1527.93043533091
1549.81540604464
1579.1956684772
1553.58005980458
1578.43865236702
1591.79149610854
1590.7179449084
1565.99908303654
1556.45258903808
1521.6867898965
1504.21480168868
1495.09043544619
1455.27989986982
1509.00247869139
1495.05568872511
1509.08846093401
1484.7324717917
1457.29019810601
1484.86465879614
1455.47503947431
1461.59515676568
1429.16087644547
1386.12886675201
1375.18801200701
1399.34926022477
1369.36454985563
1356.31951218143
1355.60367539345
1327.63469956248
1355.99969142166
1399.16895372455
1405.99332703603
1399.42023609752
1364.82580868506
1369.52397633787
1362.0666329275
1377.36478990772
1363.05674219418
1320.3551100457
1342.15325257332
1351.97968806223
1369.0225140268
1395.17595629464
1386.78851251786
1397.69528366206
1417.52226083609
1432.08920972201
1463.33022925142
1457.41233277419
1430.57508171268
1402.9615013456
1381.9048091318
1392.98956002501
1353.84720474293
1349.46731415796
1348.94793286138
1379.30754368058
1351.47734538137
1336.05540454161
1350.7485474841
1337.81123425306
1309.30476955691
1267.73834657071
1278.05597730728
1287.87652674227
1323.07127604998
1337.36077418437
1348.24556782728
1313.44146845298
1270.21934119914
1288.08607269517
1282.68399442172
1246.08945040768
1232.61040939382
1261.34675150976
1295.580522914
1308.73571879959
1290.12447912364
1291.75885305648
1298.55813657581
1292.23794252045
1281.20294841537
1292.03990167926
1325.25582114588
1330.30586312659
1345.73312193583
1407.91369819179
1437.09099148132
1438.12686607526
1456.77894228982
1457.95860580798
1442.18048658157
1450.47368042171
1481.12211812463
1453.24660809185
1472.99953366059
1471.00889823436
1495.76631281051
1466.21477651675
1488.64733719225
1482.49845746197
1505.2072228809
1505.83672080586
1511.73437726976
1491.77994354465
1487.51717140522
1499.30522701671
1475.09010868267
1462.58567659086
1473.98531876002
1476.33189332792
1452.0135450457
1450.06606221845
1444.01371944904
1413.98492848447
1384.34950006529
1398.68821740468
1409.82400872653
1446.06659320354
1432.47230402671
1444.27199047144
1417.67004459129
1402.36231703271
1404.80952176537
1442.34482102915
1450.34322444913
1447.31591755607
1444.18923938965
1463.90031601481
1448.65357489605
1441.27306172887
1425.05402610047
1418.98594351674
1431.08955368637
1412.06118696164
1418.50786471573
1391.46236832635
1391.27200564777
1402.39572793235
1396.8900152405
1409.8043873578
1429.35420176153
1424.66852281293
1402.61803624991
1380.0404352284
1411.49813536073
1427.33803340205
1434.71143302234
1439.61686038829
1428.61230836802
1437.5651099846
1431.99362059379
1426.55777186995
1408.61203213313
1397.75013704089
1408.66074869249
1404.99309529349
1391.52676081522
1398.86214577723
1400.71570576655
1414.25581682151
1437.93719339855
1458.8720602946
1467.45265600507
1466.06493571713
1471.63726865185
1475.14427742811
1456.34063212203
1453.31850926175
1471.6563839553
1460.84413100632
1465.36598587612
1452.80813081513
1457.12628017885
1451.74197370153
1444.99965992269
1441.26224441302
1431.70167511323
1445.58645750658
1433.16462871502
1427.49775554534
1423.83219625179
1418.30796611186
1435.49998099728
1432.82619060409
1436.64298482996
1435.8118736228
1435.72686179103
1433.93948180064
1431.66314925413
1431.61397989114
1409.57219911255
1420.14989370052
1432.67341326469
1416.7489730748
1374.659763526
1335.01109925117
1323.48530891416
1310.10095602939
1314.18184883805
1341.69258462081
1352.47712295603
1326.03571787431
1329.92668004002
1331.726073496
1338.88707102969
1345.80971758283
1301.44864677262
1291.10997971713
1234.32131454173
1265.4452185294
1283.02741451339
1267.30154685528
1230.03833648102
1203.50963961085
1225.87951834407
1245.61252570669
1266.21791285889
1250.57356458666
1257.16968047055
1272.39765676652
1285.91518457619
1261.79877355515
1227.83190640121
1247.70139268068
1279.07854432054
1266.18997543959
1238.21000839486
1235.99583698393
1253.66486532392
1242.86385934609
1239.5581583871
1230.94591483464
1245.10627289531
1258.35057948365
1277.80173150635
1265.71735449446
1281.46806451973
1267.07008934887
1257.00741250215
1247.79272421239
1238.38391780374
1234.39499397738
1211.53369078939
1206.75676086817
1166.86268087808
1188.47902621737
1209.95400637351
1236.87436416351
1242.86091187936
1280.59100153837
1326.6937126154
1314.39115845344
1317.10158756025
1346.90573633345
1350.36692641101
1347.23209028836
1365.6188974213
1337.25810497819
1345.4821196492
1323.60624354645
1294.57152127626
1272.55959769507
1289.64996310639
1308.17162604873
1321.58939170462
1322.09859667716
1328.34197696952
1317.38650297957
1351.33367504362
1338.28123065561
1316.72592679933
1273.98221842424
1309.29643824649
1311.98367513552
1304.92646741055
1302.00494655988
1309.21815903633
1316.33364461171
1329.14438386256
1330.84765385147
1328.66062919069
1325.53234194767
1314.93986551807
1327.35993518467
1309.11487070801
1309.35399853397
1288.42225449401
1296.53384034742
1262.38619783199
1278.19221900442
1275.56615440596
1278.03465566027
1291.37711300274
1307.54268722649
1312.63128363381
1322.18740098991
1335.85958083046
1316.23048189307
1315.77784216393
1304.79064733718
1309.76834999815
1305.70771724212
1298.69605343288
1302.58489449221
1310.91725556819
1314.35567226052
1344.53755932893
1351.56388240153
1355.13862274331
1352.62774869317
1388.98041826191
1402.12988777154
1413.49441735583
1374.39336135097
1405.09777525324
1415.60857297813
1403.80814367467
1380.57515768902
1380.13645862816
1404.30007902673
1422.90575662945
1408.2098370545
1417.98297076118
1423.95887859762
1417.10369503122
1422.84602579325
1432.18633029898
1446.40907094967
1469.81917183154
1461.62991050227
1484.14563236041
1492.67431229524
1481.472660504
1463.68792870098
1440.5471676728
1460.58032857805
1450.02176906235
1468.0257087855
1477.02724753317
1510.1391212773
1520.48324194203
1516.65599137481
1530.83847510475
1547.49238228374
1562.5574309661
1568.97888310174
1560.30932193514
1568.49108048913
1552.87604968214
1545.05364027705
1564.07866918548
1571.6445766449
1553.71337624015
1525.3548520764
1543.26594973207
1546.08714723319
1532.89653617297
1522.32918182325
1533.89449543342
1531.87993295467
1540.01616766168
1535.37665422594
1550.67694291174
1537.47486136678
1514.9305538792
1494.40981240798
1460.56735968331
1472.36213437039
1480.6945679836
1503.37821197924
1507.85915300727
1537.10187715952
1532.62928805864
1522.88298342255
1511.62636835401
1502.29903437677
1494.62068300834
1489.64007075245
1499.37039671114
1495.31360401841
1490.40320905254
1491.2254587866
1506.62660517768
1500.60918107773
1523.52809059425
1548.92325035795
1546.7289815893
1531.18235551944
1519.44984129228
1523.09751383902
1471.84158910355
1471.23081086048
1491.71945635089
1494.05896397824
1451.54404236812
1448.90034793457
1294.47363465319
1279.16563453905
1349.7137257548
1255.54247474115
1269.88958873089
1140.91444379862
1219.30928994382
1104.72624020024
1069.0736652953
1150.29877323678
1143.03483966989
1123.8882927506
1073.22850411343
1087.13822874454
1059.72347458586
986.064216367742
909.725393501141
964.327643708022
1051.26734942042
1074.78217166431
1086.44755517786
1071.32746193849
1085.03513200746
1064.97071106818
1022.92434657459
1030.67515838623
1078.12881347752
1068.15893254124
1060.03620199855
1050.17386916155
1023.54502848897
1029.22437137896
1036.73913822144
1034.29873293054
994.61217747544
990.892662649895
1014.1558612607
1014.08600486198
1030.6434118832
1012.83653696778
1012.98022907035
1037.01258781324
1056.68160953017
1045.50222962766
1030.01492123419
1050.00738812072
1054.59419845339
1053.57672343478
1048.88729948515
1051.87009287778
1006.29096876562
984.504296003886
989.806370748999
992.030084769448
991.881032532975
926.071345560144
1005.45871761512
1018.9682016794
1016.43825042723
1026.63978415459
988.254572788161
999.690979078728
954.608335766773
959.508481670832
946.912525465679
994.967495920423
978.690787811229
955.194270726103
955.611590482759
972.392355221779
968.582354747987
958.862259601784
946.325325155484
927.76315533564
931.469044252279
955.46160434267
951.414124004413
985.372577359273
988.414669237155
991.228945314351
991.313601896842
993.255322922492
1003.62768592556
1036.83811595082
1040.38540921724
1054.93456617032
1073.67404116202
1066.26842127711
1054.3370645311
1053.59956769773
1071.44667779877
1074.81873926825
1077.34151747822
1102.57955844631
1082.92335726743
1086.11029480396
1086.57599596052
1083.76012452799
1085.8918474194
1073.35281648523
1082.89884972263
1070.69336678762
1076.18218260712
1085.27111478508
1073.5663188955
1072.90969326919
1088.17175159133
1106.35288105481
1112.80417158202
1128.15997000449
1118.55095243955
1113.88324311392
1105.73323392629
1089.29538201565
1054.14645006557
1031.57497768812
1057.76352692931
1057.4800367541
1057.92825712451
1057.4682760466
1064.1141295522
1063.88083126424
1077.09144897985
1087.3150807728
1079.38765973816
1102.74064757765
1097.49527581263
1101.80314671515
1100.18011534929
1071.93841944851
1074.23999296346
1079.02024349758
1068.45773505777
1061.78646336018
1063.45526447501
1061.64192590094
1052.19708294517
1058.69116589979
1050.27059221068
1053.43081134996
1047.07343644353
1035.43662819256
1051.05720049146
1032.54365538644
1036.58850325518
1011.7893440502
1003.78076997925
995.066815720867
994.654258666435
1013.98891909362
1056.06995606974
1052.96091182948
1044.42935386138
1036.09341364216
1039.43026896984
1035.86575083096
1027.19052942857
1045.08405376122
1045.64858339972
1060.49452245274
1074.86213537189
1092.17334020263
1107.19498557968
1105.03021208652
1112.32925785679
1119.9101261085
1100.72344392347
1110.40538268644
1128.90339774782
1123.79711494601
1124.35002662043
1117.28041008363
1143.31087337202
1119.77686822754
1119.76531198024
1105.22899355742
1127.32893863188
1143.42192811463
1139.18316022493
1147.78627587773
1130.33848920795
1123.30518251252
1134.09123141102
1140.07770225685
1168.31784166129
1171.17879257847
1188.21975430546
1212.15057064097
1198.0843838776
1208.21220374602
1200.35963475011
1189.29079660554
1171.33089844295
1185.05260248402
1190.65493204466
1177.85788419438
1165.53349606746
1172.81866181019
1163.91550158949
1148.93484987951
1154.76020405894
1175.44183257348
1171.60929200224
1165.28964748805
1183.79898394409
1195.24918360646
1188.88611041035
1189.44122422499
1185.48214593827
1203.19668529607
1200.49264142967
1199.16569478143
1171.19228260995
1165.93052515673
1170.48214263289
1165.66769592452
1152.2430567354
1179.60673386322
1172.89742994767
1173.37515897647
1165.35286492758
1154.72489189173
1161.56661920897
1158.53962520326
1155.74237557723
1149.06666680122
1165.10988052432
1166.33801981065
1152.61814979621
1156.11423037453
1177.11602106554
1184.38748935121
1189.53519878113
1188.27160481505
1192.83647902456
1215.01967840199
1211.54585250243
1233.34522918325
1233.65083098321
1244.93008589176
1262.56075035941
1252.68450571471
1270.94780970307
1256.98432379519
1258.59998365289
1259.21527922891
1248.26200781479
1238.35443939458
1246.20865104954
1252.09079723132
1241.41167183959
1243.6805536765
1252.33638316553
1265.76663040825
1272.42729196298
1292.78713850382
1275.85444511146
1261.59836616521
1271.43883489514
1293.96025111031
1285.37951977524
1297.9894649642
1308.56173570373
1302.72678179506
1293.00266703921
1279.49734186931
1295.88375517105
1311.94021238015
1315.38725651612
1318.55422405217
1302.51695590264
1316.47706625337
1286.36893416984
1277.66090870478
1278.2500788478
1264.60863957237
1286.04526594696
1270.10268072529
1261.47292382381
1246.12874113985
1258.45474121192
1260.20085486168
1259.13501898
1261.91707477813
1280.1278371519
1289.07276168514
1280.55349802592
1284.05854568376
1281.50585303284
1277.86360814383
1255.76267210314
1259.46901616153
1274.59368879011
1277.87852290958
1275.46904911455
1283.20630626736
1292.59688246622
1305.92550487347
1299.58420839371
1306.12598173345
1294.77102503061
1293.05323665928
1285.49414726226
1283.51222365702
1295.79996584695
1318.05404561826
1339.69321334667
1326.36463990737
1331.36828737869
1334.41695760352
1334.6756584115
1344.06579049404
1333.50125877595
1330.13824814302
1327.68791748204
1334.57035468671
1364.10665117099
1368.55924932218
1377.89031797083
1364.60268732938
1374.0743559927
1346.83392896974
1354.07933829439
1355.42210328034
1351.9023038336
1341.0861690724
1308.61496891577
1320.58683715195
1330.20986369521
1318.34156329628
1312.58440065001
1331.78975432915
1344.98479909765
1331.37866374504
1345.03409274035
1328.29429888869
1313.84393687525
1293.52508414673
1316.43207531525
1324.44751050192
1346.45824689218
1346.49894458332
1369.23280352032
1354.22084096354
1360.64359319637
1333.27193450701
1331.19255756821
1310.86712454072
1312.36858281836
1308.24609210443
1315.21765603792
1302.46880333393
1286.71482717967
1263.61886359383
1283.37356759626
1268.86555357334
1285.43968367529
1304.84855520307
1313.39606586952
1334.91282705296
1345.06245109175
1332.98858544987
1323.03675246109
1320.6804897451
1320.34252696237
1311.45366382618
1328.05854924912
1335.78578566784
1324.3323965024
1323.17050440576
1300.37806718038
1302.76547789014
1297.70211579684
1303.04698910233
1303.54779768852
1304.49219408695
1306.86571304497
1310.33380022847
1317.20166846869
1325.25749315045
1350.52910925442
1344.86208206386
1357.21820901568
1350.14023731116
1354.86506553419
1364.21896192652
1373.68640477432
1388.67265246801
1394.07612578179
1390.90675878598
1402.48626103064
1399.32837892035
1392.73003501665
1390.80969976242
1374.29446687247
1366.48927379427
1367.86426261577
1369.56205437995
1366.61605288803
1367.62815261321
1369.90439674056
1361.82482636792
1368.05733128778
1367.17832638022
1382.96336858548
1380.70255119908
1366.54833344191
1366.18866020891
1356.64239112543
1345.12211507237
1341.96215822186
1332.78676534177
1342.74698890478
1339.39513382001
1349.88492292504
1343.86359595213
1354.22420589252
1376.39435669257
1376.74690778091
1381.98789679492
1390.65287677965
1413.14429886186
1416.05906476568
1420.48393676094
1427.14338054592
1426.68296793521
1418.65548007523
1437.44500616075
1443.09983279618
1444.19761018694
1438.93696099494
1431.1871637291
1436.78426682273
1424.61846740385
1425.30747758861
1459.02428848199
1477.42967329145
1483.40516658655
1491.8331392037
1502.00629304105
1498.32385779481
1481.53751126973
1494.54996182577
1493.97157583784
1473.25539486136
1492.25154042801
1507.20992646696
1514.06340821893
1493.16494553606
1514.38588811653
1517.84253678943
1512.81703617668
1502.77679339555
1518.35314001124
1535.93147840215
1525.49943345432
1522.50350782714
1544.99112787688
1558.34046292681
1562.54926907572
1545.17293725098
1562.05942956346
1575.10559904644
1572.43809713497
1553.70249540751
1554.23000638574
1584.07568433113
1592.21325282684
1576.93219505062
1594.15087753855
1597.44206267226
1613.24975834528
1612.27002319469
1614.73977447356
1613.90836508548
1583.70573004498
1571.35050010595
1576.06543338948
1570.81923816307
1570.54559246977
1601.25749931422
1602.91121830812
1590.36214238916
1593.01569004427
1608.7624405661
1599.48946386884
1596.76026567888
1582.74746046114
1600.81258408537
1609.43589958494
1628.20137561343
1643.64577798553
1640.16474567913
1650.85264395886
1666.70505953488
1647.9366339908
1627.33246171079
1604.15782689941
1609.29807423876
1586.70683887933
1597.48643976477
1607.64120231494
1612.01421392413
1611.43568571276
1631.46973215804
1642.18498951418
1610.65202138623
1588.58043649687
1580.27163587111
1568.51713131367
1569.23585396403
1595.87481715651
1613.81776470465
1621.12336115319
1631.07575039745
1650.40142656384
1646.18507179431
1605.67362159236
1613.10147757501
1583.06749183129
1349.40212089595
1451.81888639515
1452.05538490815
1526.95157724627
1500.00479164571
1518.40156825862
1525.59032943708
1483.54901769876
1480.67550568193
1451.33759636738
1458.11544438868
1462.28486555761
1472.14051693981
1456.18474156045
1445.27741386667
1452.21226671216
1421.75826886351
1437.71083356887
1458.14823562898
1504.18306070124
1543.16606291131
1512.98385540379
1511.88518868176
1541.69097725224
1543.2768357091
1539.85957678946
1510.19130347424
1517.34373858966
1539.15023727978
1559.8178392288
1558.30053725061
1554.05180321202
1569.95657637635
1587.66053049899
1625.41872254164
1646.52015311445
1639.93569348947
1676.63765499172
1679.28868451801
1665.55296835081
1659.59444547646
1655.92766747098
1641.2390554035
1617.71679676101
1621.10305652855
1631.30622189747
1646.67333221462
1678.11656869626
1682.63719687589
1709.75882522895
1706.36985235284
1708.54519337605
1790.61016666549
1807.47882465775
1813.4185024419
1803.98836897423
1835.15442530735
1897.21508397067
1846.29317181309
1828.73137627498
1848.50487971683
1879.3460853735
1843.93850683762
1854.70486698842
1856.48845578352
1847.89060801659
1778.66690396965
1793.42803079081
1765.73144431518
1763.50415946637
1763.29555374685
1796.08767991816
1750.34983601765
1787.76325035546
1791.83313814754
1822.13458726192
1815.50713686486
1829.14868406269
1873.6864351542
1930.77979121369
1963.37728829804
1959.97679489695
1915.30715823244
1932.10896896986
1888.02489417395
1855.49569533774
1821.8820264005
1815.79840135454
1841.84328764617
1888.99252950916
1866.40737760756
1820.70146134744
1800.31897570844
1817.72471081798
1778.93810456415
1758.1168692735
1791.26071995665
1807.5810533874
1786.0501238802
1817.56453578845
1838.52888514008
1832.28650519717
1850.69830189011
1868.25552137638
1872.06895724185
1850.48644971252
1873.39607212453
1868.39409192699
1886.89273008505
1892.3065734555
1916.32837961429
1918.31385023767
1950.6840721319
1926.94952275122
1943.68112528814
1944.72016311732
1930.30688486566
1931.46984716814
1955.56204138662
1976.82274916833
1931.87655326998
1974.30423259301
1965.97562851708
1967.75372363593
1943.93122889888
1918.18270873944
1893.00521431137
1881.040839284
1909.8447347522
1910.88336964162
1914.57072916118
1911.8388406255
1889.27290465578
1876.78619420313
1877.59221870317
1824.3668443452
1817.74869487741
1828.28750636251
1818.12092208426
1816.99062852466
1800.17199945403
1810.65460519388
1844.09653944898
1887.63799039236
1927.38029694759
1953.32966868651
1914.2303966438
1912.52931301645
1899.03715806802
1875.78436425954
1850.98448430686
1837.06273424512
1832.32590159296
1832.31346590673
1834.83847970322
1800.93439034562
1806.47676058492
1826.27556740545
1831.118784252
1820.35791163945
1826.35370485834
1847.65648133463
1845.20100416505
1847.44229893707
1860.43245380391
1862.86280315853
1884.95405874857
1849.1438609835
1839.49267230468
1816.1449808947
1803.35355470447
1789.96168917552
1772.68951160649
1777.19988478894
1784.07230290171
1793.53051261975
1840.93289538538
1856.59895060779
1878.23787012494
1885.86069520617
1914.48141106139
1905.04588538107
1913.7597108649
1901.14338730194
1884.44060449642
1921.41379140282
1906.38160578331
1933.83683492886
1913.21488748469
1942.10420948938
1928.45551749003
1911.36623347728
1918.38805214934
1914.54286517116
1934.90062514597
1930.4147977373
1931.28198372621
1974.59608986125
1962.80407726168
1955.39180078952
1937.26016745175
1920.56974928136
1918.57633313395
1926.45744479581
1913.72741237364
1906.716134476
1915.03265801002
1888.45389929581
1862.27809769148
1824.41814316657
1712.49377477071
1748.36043763378
1684.59678769735
1739.92747111519
1721.48127958675
1689.93586950234
1708.7802934308
1735.89378204973
1729.22934761838
1651.99622163044
1617.51771097939
1522.6855816232
1554.60778323496
1476.95702582697
1537.8158433329
1644.41925356675
1618.32151552426
1656.24688305343
1643.91537630286
1652.85768762221
1638.49464653095
1579.72616255212
1557.02914418121
1541.79221857914
1550.57420558828
1594.80919984685
1568.0010654044
1602.65523482551
1582.51260808206
1557.57878005205
1535.64374079578
1491.93978082123
1473.6017774784
1432.5737196866
1425.04238697131
1391.67357558385
1323.85967055794
1360.95150122067
1328.24451904252
1319.38230376019
1412.14916201444
1448.02743691734
1464.71838845415
1426.76618073567
1400.44974102349
1486.30413545991
1431.924022767
1407.58257598396
1420.37942993772
1467.05741636139
1493.16803017047
1460.08177348001
1443.46251770979
1479.71512480984
1489.70418148506
1478.70524688745
1519.44224070872
1498.06591207325
1510.69783088123
1451.54688155966
1453.59266965837
1420.34491560959
1423.09357929754
1401.92993169785
1402.55102674494
1406.2154550742
1389.76654117842
1361.54696108973
1358.60411725348
1374.53183372609
1400.32026342355
1400.47999946888
1408.57361443632
1428.82427954574
1435.15859801959
1482.07947405043
1476.44618364255
1480.95015474659
1509.06662442061
1493.91567223693
1448.17393730892
1405.97632822391
1412.48079547731
1409.98240259976
1432.62473008715
1457.53808305469
1448.18362536257
1480.99008623703
1516.3022648836
1529.98894141996
1515.62703401122
1497.92747814324
1529.1404879189
1524.21690760453
1527.14673628129
1468.49825564545
1475.48987616353
1447.91176077219
1394.45061750176
1396.62240248656
1395.01946459613
1406.61331292815
1403.09727051359
1403.79306845635
1396.53651856294
1395.6227659623
1394.80413503727
1358.57659272441
1359.39493450473
1391.46010693196
1352.11570804376
1348.89900842
1367.91916229708
1387.70473365901
1384.8260413387
1316.60959999222
1322.24843945129
1314.06222925963
1432.30664382963
1403.77993462029
1399.34472608985
1378.00373244702
1367.44956076812
1382.5672814517
1374.04500034364
1380.23457497785
1378.02836611067
1405.32850444551
1429.34545925622
1435.77034413981
1443.89466044442
1448.06151681926
1437.28621829942
1442.34963965425
1474.69697576556
1498.89126284778
1475.39629327196
1498.7012388245
1494.05725513933
1549.34710760544
1586.46301279307
1605.8515897913
1583.79022466044
1580.21211754843
1597.23015431285
1612.9535392579
1555.85126164911
1564.01931617612
1534.59048580492
1512.10578428986
1519.82833917425
1529.57763961219
1601.05591515974
1580.7163115344
1616.44558442008
1570.24266220971
1583.03623264129
1538.20380077328
1577.12903868667
1564.36374383027
1548.96034703747
1541.19556543512
1509.67222225599
1516.64315902911
1508.83345731555
1507.68915893638
1488.8724034672
1503.02558512587
1522.28663392556
1524.14423101311
1523.26008305736
1542.23392173606
1590.22165987315
1582.09913817247
1599.51012338124
1587.37457685726
1594.34426479522
1564.1553731301
1564.92586198459
1583.03867493644
1604.38778750556
1607.06355724849
1631.32709985965
1621.53970259654
1607.03033076006
1568.98506648407
1597.169602431
1601.25749176701
1622.12484199757
1623.62600266942
1625.43173994631
1611.0518543897
1607.75380089988
1633.43473589425
1633.40817939362
1625.22178523285
1628.10667153973
1607.58602005505
1608.59333464717
1617.28953183018
1608.06157494619
1594.93059814019
1583.60860857541
1596.76568966965
1596.81165923529
1595.83508381487
1618.00223636646
1655.3623517175
1663.20375807583
1685.06163785517
1695.70818141069
1698.20915005944
1691.94464032221
1687.20947910754
1712.584211356
1697.04987389045
1687.61643928096
1716.26618861349
1707.54178375768
1716.26257597826
1702.99345536591
1721.09115437991
1702.06716700926
1690.97874720299
1697.71145017153
1699.85356080554
1694.13479354462
1677.51315809299
1684.9848057483
1714.20226843694
1690.07679868352
1691.72551929152
1666.18078259833
1665.4783199066
1609.73772989596
1612.88431861682
1593.82711528551
1604.19162703717
1604.39299764347
1612.39263296303
1601.66563841736
1628.7537779772
1636.95400229983
1643.6425380636
1648.46231285889
1651.58528096924
1650.55669867289
1625.17310611047
1616.15687539965
1620.79641993916
1619.46119746189
1630.85885717934
1617.39186054111
1615.02283026056
1602.53755421113
1603.19263777844
1612.76711787529
1620.54280225884
1622.86331438797
1615.55261364755
1624.92340611569
1612.40739637289
1635.10972476547
1629.71463902616
1635.82407191788
1626.52827522462
1649.43622092315
1655.19204431948
1659.44900529421
1656.40140226108
1476.97495131406
1515.26860503789
1547.23470378761
1634.43321938898
1618.05761249443
1658.66077031337
1669.15926222488
1670.96169039949
1667.22344799335
1654.64053082344
1654.54489235338
1655.26046359162
1648.33656254256
1647.50544362993
1643.97349532043
1630.68604669397
1625.73383180727
1622.99590022524
1628.86738874423
1635.65148858411
1627.10511579916
1635.33014393046
1627.0696536156
1620.50934165305
1612.89050912747
1610.42876074865
1625.90589642768
1623.4087777735
1619.55747774711
1605.65959781383
1605.9920018357
1608.19298178812
1604.33470157831
1604.33004695654
1598.53877776614
1585.85265735034
1574.03092484515
1559.96323980337
1561.54353181623
1561.29082934742
1566.30320462687
1584.05892972438
1568.56140822381
1565.40085274879
1561.14214496095
1574.02986749577
1581.57417740939
1588.72178293509
1580.42777617623
1574.01001915572
1578.51487475246
1593.57744530838
1583.05253225324
1581.96065226076
1571.78226230706
1570.84403135742
1575.21016304985
1571.4852601983
1578.01181394946
1609.57313112238
1614.52284805443
1631.08929972393
1629.75581408786
1630.08952710555
1637.29728093073
1612.75473488125
1598.6300119999
1594.20277626371
1594.09072778062
1596.83305890694
1582.19941303401
1601.97855705664
1582.78419613932
1588.35376603076
1559.33875749981
1538.49331441385
1538.40483443147
1553.63976224851
1547.92559740866
1553.91256744958
1556.76803544684
1553.08015833208
1542.8581685911
1543.85152536668
1558.83629658583
1551.91532780495
1561.91919919169
1576.45702031439
1565.48883410567
1543.37676841663
1536.08065134553
1537.11091164199
1536.19197028845
1533.6974642845
1563.85813574939
1582.92531962796
1585.45089479077
1584.26527950219
1612.16270325513
1613.62126087734
1611.30340352903
1593.99522419017
1579.8541411619
1591.2465295154
1617.06095279238
1625.95325324215
1633.41078293913
1679.36912071877
1680.30261728437
1686.7682418727
1685.5343248331
1696.84022989555
1688.22663961733
1670.54457678865
1664.31958246341
1685.4458026049
1683.35169069747
1671.52555355133
1680.48229330415
1690.04092310057
1693.64140976963
1674.98573422942
1687.7378553162
1681.47031737383
1687.64884460644
1679.9376616035
1683.68084522342
1678.64945079529
1681.07933835527
1675.14457848502
1680.90865755279
1696.33625605771
1688.6884999062
1707.93988267138
1722.16794719906
1738.97735021673
1728.75164179227
1745.08292755148
1758.97510487715
1753.16342035263
1752.92850052955
1768.4535395828
1765.25689032929
1770.13710979117
1744.36052008112
1752.68100627005
1749.08312878623
1741.4372397085
1721.821633003
1728.58654561737
1720.35206561887
1727.8634504327
1727.73625557752
1722.51078531435
1737.57435145141
1714.14702926547
1712.92302272781
1712.12101642335
1717.63937852953
1708.96234955451
1706.35181622016
1717.43942906805
1706.42967512943
1723.15453090038
1718.27688499497
1740.09358341182
1742.61178552561
1721.87133432728
1722.52681733312
1737.33530099655
1729.44356092299
1732.88436965761
1743.2608791219
1754.79835588148
1754.01584129436
1751.50043798123
1749.66368698104
1756.85716670182
1753.42222211726
1745.7392006661
1740.87001316596
1733.68592794405
1734.33497944052
1730.39437210385
1731.2699881286
1725.1583413615
1731.36027953906
1744.13028810369
1753.44096802812
1750.66531855665
1756.44048336329
1754.57900648989
1752.81375926423
1741.66972430274
1720.07662635154
1760.09073700438
1762.86677910559
1796.13209765662
1789.06058950259
1815.55270626862
1824.11327166148
1816.27825141672
1798.91456585536
1795.37224916125
1805.58282840104
1797.38214664791
1800.15207526693
1784.91333475068
1793.12289192784
1786.91955211935
1787.76580054996
1783.53572757614
1788.27079388334
1780.2934651635
1781.24867894222
1770.64870819077
1778.19836715266
1768.40697180728
1769.83009126397
1770.45755108408
1769.22141968708
1770.5741427055
1766.59524614855
1764.01168756592
1751.09768760483
1754.75909833604
1748.92594924973
1754.50812103651
1767.7600754523
1779.15505141778
1775.63285830335
1769.57446461411
1750.82071637482
1758.38438464683
1750.85614770994
1731.00204517891
1727.4582818871
1728.51961550003
1739.18617507441
1693.16575659386
1634.23586437307
1646.03641573952
1608.74007648381
1607.80770347324
1585.38480562251
1606.2634274954
1602.31215117552
1624.29290266073
1621.58110622209
1616.08978164449
1591.16994261698
1611.20818217398
1629.91187537994
1621.24466404309
1607.31801057783
1577.01386750737
1560.47058768455
1542.29542470113
1526.55948067495
1535.35396731234
1545.63225726495
1525.68494038068
1518.85672651668
1505.27199789987
1517.44464602962
1489.36007678402
1456.31998561733
1462.35143469006
1510.47150424507
1516.59572872525
1546.38492186606
1520.15803982775
1516.33525408713
1537.7412465798
1540.3477696397
1545.67598789834
1544.15615306054
1527.11643863405
1532.96929556482
1525.82031295146
1605.61745296651
1592.3471627979
1596.21729210141
1584.21394957591
1601.57074732538
1580.12489302475
1544.48290062728
1552.02898936968
1521.37556043476
1504.4676237167
1454.20783109472
1461.75689596748
1449.82451804885
1473.51840693539
1467.07622193538
1412.05266528159
1411.57363524824
1426.74602420407
1449.70665575335
1431.60846450173
1426.09945513959
1471.48852194989
1464.10874239709
1458.59188159103
1461.51106843974
1486.21737748044
1524.19836938315
1509.94716107231
1520.56963210764
1537.23165691208
1556.77968154503
1542.68614899291
1511.04728039052
1491.95384617659
1489.03917640923
1463.21665516405
1476.11256733325
1460.69295671458
1478.21787323754
1483.89099754701
1512.83907285123
1525.60575105742
1517.92128556425
1545.74462318164
1558.56510594349
1558.355733958
1550.71124848402
1549.4714418191
1558.26461730521
1546.04496104478
1528.65156028515
1504.02465129413
1513.40384051928
1518.25915817033
1519.05842666295
1543.77310205991
1546.64794662074
1539.42774448066
1534.38200479514
1521.94249754529
1526.23586407317
1501.28551933635
1494.55411676437
1486.66743137134
1467.33343365528
1461.11058986258
1473.06766636621
1466.00492147007
1472.97033102038
1490.32285002811
1522.56197231253
1532.19112773837
1535.32746052334
1535.86849277559
1535.77244858714
1553.11902912097
1546.09639150951
1549.81749331217
1547.04247595358
1548.83940200353
1531.7656430032
1558.82828198507
1556.96022544764
1544.38750575872
1528.31635808311
1530.06827054306
1529.63306867832
1510.10551121323
1518.43069913577
1543.84320537122
1580.23115086937
1586.32643884276
1583.44701423767
1582.95965116978
1598.32928900459
1572.93944185761
1578.05684599023
1557.59537670304
1568.76184545562
1569.48758046312
1585.88159139978
1584.52851044407
1606.71848838702
1606.86815266425
1655.04111079729
1657.33924254017
1653.93674833151
1659.53568528221
1659.48843989359
1671.8507454597
1667.74067764883
1667.85972040039
1654.99156841623
1676.37450826769
1680.39938367047
1685.44239632574
1660.25028047796
1642.27438422789
1658.91947799344
1685.4822017116
1705.08595982196
1699.59968237565
1699.79355490429
1694.27816288571
1687.23335832775
1696.09716061117
1714.59553844821
1712.07267649539
1722.03232487297
1709.56754315723
1707.27231748907
1697.22612492456
1681.02723488979
1693.85080026682
1694.67100954085
1655.07753152727
1640.13934964806
1651.30922766011
1652.88323316966
1655.76544930564
1670.11253710344
1689.30175837859
1690.36821700776
1673.89874736342
1662.82853721098
1657.96138825858
1663.66878736711
1644.25751675972
1651.89752269683
1651.63771692289
1655.95563841235
1672.31442310882
1673.38380050526
1680.24627275342
1682.01116015297
1699.9046803365
1691.88263006474
1667.3343847571
1665.51444535265
1653.44287603152
1645.89869007529
1631.20258723098
1619.67389275763
1616.6807721698
1620.26189332474
1624.4064339855
1623.76344544094
1620.2754188108
1622.40258767694
1609.79578650537
1606.5258131315
1613.20037225353
1629.85025932479
1642.33635886321
1636.65258252521
1631.07022720245
1631.44116931742
1617.60448367184
1615.86003537689
1604.87878671618
1598.63208573488
1615.98772369904
1620.30047913116
1638.25302991596
1633.29392541838
1636.62070119829
1621.99657556484
1627.17998030504
1629.70896473416
1639.11857856463
1658.92727817035
1666.54523375254
1682.53992615892
1680.45390326331
1690.39159271397
1700.16323872307
1689.28600739198
1694.7176719725
1694.51420248024
1690.06429892894
1691.07596483285
1698.71154824486
1702.09803844144
1686.00439778227
1695.98955532412
1709.50182916107
1712.11454933565
1697.58905366304
1708.08099582607
1698.95883455663
1692.9556531862
1698.68754847088
1721.64330667502
1797.56134429634
1811.08275676807
1841.30612378701
1824.20510311935
1832.67160886871
1820.29281324931
1819.72449174122
1841.50192880434
1842.44894019515
1827.65881422352
1825.40809584388
1834.12219734162
1861.48649207987
1846.00901366948
1834.80869028915
1834.29390659603
1800.25391859226
1813.42240498592
1838.83355766317
1864.27818617651
1865.08308910627
1875.78494980524
1883.42083073129
1874.19293449938
1869.41260835607
1911.76943294317
1913.23483405667
1921.5475626628
1914.78325971961
1948.78126869849
1949.56912669238
1927.50336439635
1884.93189895716
1895.90820814553
1916.92483832112
1896.43167541775
1899.53771794943
1920.18715701515
1955.03196765134
1921.73694062889
1928.7926749089
1926.63807463022
1913.38824248395
1879.31338540299
1875.68916989652
1873.53917733285
1851.61111776332
1863.62464459233
1874.35216004098
1857.4178548468
1850.99311332052
1881.04172410005
1921.03760540921
1934.90879666944
1895.73265655884
1927.13032379962
1888.11559690239
1921.144540552
1908.77344312144
1908.67766068909
1917.52330887185
1911.67575590165
1930.65486186701
1981.41260419941
1998.74763014946
2013.90988469231
2018.65965800853
2028.46149298822
2010.93986782897
2006.88977608364
1989.57792296827
2019.10855987777
2035.82153669976
2031.12975880488
2049.78878409042
2039.29168423683
2080.5341691084
2081.60333894425
2065.65423378344
2045.19971942852
2037.88949971189
2074.2957450832
2060.31218131171
2101.10092596849
2085.79515255522
2069.72905634598
2006.54810628496
2002.87780366906
2013.31950181087
2013.0599530527
2012.83270658187
2007.12594012067
2055.58057694117
2079.98343019536
2081.66855255239
2095.28370869957
2085.98245280047
2034.18189915525
2024.07598697732
2020.22432663689
2045.09250859477
2039.30825187236
2039.3020602241
2061.71407790959
2099.87709749549
2123.7405100955
2133.37726637582
2130.77023687923
2128.03624429636
2162.8254438877
2188.80158548332
2170.82893112528
2182.18567535626
2153.64504852748
2112.71681245561
2134.19462535385
2144.80506366813
2183.12547609691
2182.54561931638
2207.50121501999
2240.13578190739
2237.56389772862
2271.86055073983
2251.83842682389
2223.10304313166
2276.55641870667
2271.72259693993
2279.50963945209
2250.60793833114
2234.2238899976
2220.3782427245
2202.30606971576
2228.0998979229
2221.09020717064
2203.71322916026
2152.69104525769
2130.01759233701
2123.39024994103
2094.0873964934
2119.03060553208
2098.56883462929
2064.07122040559
2068.37795633813
2123.56481288822
2119.86725309581
2125.76113080204
2134.08313602915
2195.87818128534
2194.38266601948
2196.20072585142
2155.55162752215
2142.91154947029
2068.4689033532
2097.99258984657
2064.53927070794
2113.03704957282
2075.29449062979
2117.64601411164
2116.59075634281
2145.45846905376
2133.03569878742
2159.98922011023
2122.02696483692
2109.8302045907
2126.41843214915
2083.43500392066
2068.01413904982
2078.61631363909
2059.16069753469
2007.390078715
2022.05659601279
2052.97408004063
2115.9267644732
2127.35870278672
2126.95596227599
2160.65833314983
2113.69883091687
2162.32954972354
2169.59379042339
2185.24927580476
2182.86502438846
2159.13809339109
2136.68258857223
2140.09735391044
2159.1971986784
2160.32812387137
2123.081951564
2162.99195743252
2171.77795084517
2151.68388524053
2127.42992622826
2128.34870127516
2133.46492868445
2157.63134473323
2193.79596771522
2211.00812854907
2215.73763092728
2240.44043545582
2223.17362086203
2219.48747816697
2198.08930705895
2201.73885681102
2231.57162812956
2163.60196108049
2181.35072175555
2189.73857713135
2219.77607270759
2200.66535984645
2247.11424292548
2264.43328323084
2265.82251292055
2252.65052990975
2278.46716488459
2259.58450247695
2252.1068464284
2230.88156415066
2236.27135544221
2213.02303821085
2230.82760536129
2240.02373566488
2244.46391363865
2261.82474379501
2276.46991083726
2267.21187986824
2273.19739215945
2247.41498828685
2252.50285317614
2246.01211841527
2188.22193600847
2143.184155432
2105.81159333176
2123.70829692962
2094.47125037373
2109.46395330667
2115.51367690337
2126.98859114403
2150.29808500216
2166.44098638146
2138.74978260993
2149.13863129011
2127.03565784365
2136.26513679743
2096.29646900834
2062.55392034897
2063.20539859255
2039.38598884418
2038.88832570891
1940.1279940494
1966.46460634423
1974.7783945889
2017.42310970939
1994.07988379195
1981.43470418041
2024.77080819863
2055.94392949596
2031.58087280659
2039.82334721731
2060.49273564427
2041.6626981586
2039.1560202606
2041.6111431321
2056.31467022416
2069.83129040241
2046.97690298645
2058.97580301234
2057.04111091733
2103.15090511713
2103.98006522059
2141.75100468096
2151.28154732263
2125.80261427193
2165.76116487225
2140.84095873852
2164.81066699489
2138.5768510946
2123.5602412483
2150.48090584812
2153.45410387266
2196.19947100776
2204.62995529535
2192.8133379963
2194.95906433421
2190.21858331494
2166.83411554751
2156.13070535992
2147.02162965424
2115.8577135938
2131.42979750699
2134.03556517985
2163.89100442634
2150.69116656304
2150.69174071151
2122.47714306616
2104.26967525119
2122.08186329708
2149.8338706143
2163.18236332718
2200.68110684083
2224.33850601483
2231.92134813953
2212.9669866965
2213.98313623801
2175.99839230091
2163.08450833956
2153.79044462201
2166.63495770261
2181.56031447547
2146.69439040353
2131.30799161449
2115.54693640834
2106.52303696193
2109.17405690744
2081.63514168396
2067.79952838632
2068.86785027898
2064.55821591891
2085.27931628156
2059.16716773611
2054.66446440606
2064.36835731755
2038.14958780467
2002.86039335558
1997.85428961946
1982.09727694514
1955.05003209617
1942.38734565394
1946.35881764216
2026.83586515209
2078.28140347984
2093.99918784308
2101.64803631534
2129.7228956939
2112.56149046848
2096.2985635086
2046.31501550878
2070.55996778071
2009.18990670796
2016.27391598551
1950.60288225929
2014.42682343375
2000.39884843829
2041.27216392645
2074.87605136838
2079.92095019829
2054.04476797465
2056.85019476512
2075.10984186818
2045.06028444897
2051.09533843511
2098.61765669941
2089.73357775081
2084.88744600884
2090.70218161695
2122.90586732569
2119.65065202947
2104.72071977992
2102.88960696674
2109.77910789303
2072.31203640353
2021.8687817593
2045.93199218024
2041.14723253865
2054.00844352465
2031.84369836818
2045.97363029394
2047.10678248858
2036.80861124801
2073.73912089351
2043.7607154427
2060.66674122596
2037.7568100082
2028.41786133958
2020.78260366231
2001.61862443165
2021.40174826805
2050.50586923792
2075.18584291538
2084.14080845437
2089.32515394726
2099.30685954429
2113.20266659342
2100.72427187804
2098.8985806993
2110.22191399485
2114.03645363081
2075.9629714375
2108.22745989177
2074.27345499075
2075.81028841789
2062.81149344607
2056.87036431768
2049.44648861059
2051.15688602997
2046.08284694993
2059.46111674372
2069.81869898512
2055.44200974421
2091.26511376364
2085.85585944262
2086.38933642013
2092.23568238754
2053.50742504055
2023.88669825711
2005.00769550778
2017.52578927248
2021.99698720902
2022.46119915246
2031.46508623445
2020.52634028571
2054.01639786262
2046.35494235641
2065.04218362524
2096.95372910956
2102.82773825163
2099.76563963164
2122.6150642835
2143.66019760355
2127.86367393388
2140.74753920144
2140.67742817894
2122.31248949399
2117.27321080208
2096.04205357512
2095.08981635798
2085.03519261834
2116.05585268451
2117.77708496291
2098.21162526545
2101.7983940466
2130.22122051022
2122.93446079115
2109.23621547985
2061.51253510124
2047.46338802548
2010.49926575729
1982.39182645879
1972.00817207666
1981.00166771758
1988.54462408239
2003.18232025735
1986.14618076426
2007.20505896449
1989.35807227407
1982.60578588749
1977.94514664452
1924.52801301374
1915.81731841132
1934.28931947404
1898.36908412872
1909.97930032972
1904.37446787829
1923.12171223233
1929.96466639187
1968.4371876996
1978.73296437876
1991.1151727074
1991.12042399028
1981.79421530395
2003.98271323566
1991.14699311296
1991.20655370641
1986.14452475007
1987.99297505272
1963.9620622388
1944.71410228777
1949.6496983958
1974.72639284935
1974.16804902612
2011.22645480301
2038.41939606163
2040.38637627761
2026.01348006033
2022.47142150621
2045.57018613343
2031.77730884622
2048.56000052684
2021.76701431581
2028.94888959214
2040.95004747585
2063.81272005408
2085.73953109975
2105.72902472173
2097.42194878575
2125.81194245638
2102.71508211298
2094.69453870018
2060.86164641667
2082.41769135405
2076.95275232486
2106.25827787078
2104.41533570008
2078.92135155885
2067.42964834716
2087.57525543443
2093.69087832052
2130.62911165909
2139.63011135953
2148.35323819613
2158.58524408822
2150.11642490602
2138.26312247477
2120.47847258974
2116.95238582852
2111.27436484921
2125.07859230525
2125.05838304803
2119.03880866696
2144.58638796402
2138.67243912972
2150.25747137196
2150.34157222297
2142.97962661105
2132.19259744166
2118.9769145099
2089.98189063974
2100.78419533091
2071.39448819803
2086.73722114416
2109.36315158791
2104.21650223134
2125.97992713464
2159.36234478242
2195.88201668077
2220.12208454105
2213.16808982732
2233.63983870611
2194.35749433348
2209.73130363066
2191.90906572005
2182.68814238773
2180.16826775201
2199.95363677534
2199.21213120136
2234.82772525474
2246.73301750308
2245.29557950168
2236.93367216099
2221.73293356163
2224.15762616714
2242.60582523186
2240.49799807799
2237.39741737335
2244.92370009339
2240.88121914793
2222.79477709131
2214.65268283057
2231.08099755152
2203.76614587391
2226.39201581002
2252.47133133541
2268.56575560228
2270.64888721188
2275.47395951651
2267.49683629125
2269.92472358129
2263.44037478633
2248.40918225781
2237.30531653226
2225.02979504521
2237.2183050578
2233.21710513944
2229.09261523213
2249.93329810329
2268.19620750185
2285.38055517226
2272.32883128787
2280.57362335428
2264.36843767428
2275.6017303575
2298.65245338433
2304.3147232374
2325.7052824033
2305.14081100195
2321.67554280921
2308.59264511035
2288.01390417878
2196.6568591652
2192.43207209736
2211.17735212885
2166.67967039665
2150.76209904157
2167.74455945682
2204.82430538323
2204.06732123459
2216.57815800764
2212.09113876182
2173.01826746364
2165.59675382387
2126.26997813747
2137.41613323937
2145.12018033169
2196.2311384868
2193.24500198056
2209.00064068405
2202.09604284096
2187.4024156147
2171.75658035961
2092.74349497136
2102.54442534967
2137.17084060816
2123.26053549462
2083.44286656008
2141.01068550112
2175.58186820333
2174.7430424559
2188.11290884858
2189.8056045071
2179.22912121381
2178.87374701338
2172.40638092765
2198.76853101129
2168.61827063717
2176.76152516884
2199.90998070334
2189.04068227903
2206.29343473326
2200.79283492088
2227.89301230178
2208.38813462785
2194.68473171243
2191.93061514142
2198.00564501011
2243.75154611588
2245.43683209638
2254.65569693529
2249.71750783557
2273.10935053156
2260.0044370724
2266.37716918118
2269.51192468706
2267.30096943425
2271.33577644403
2274.45998697133
2296.31816824588
2280.06865567203
2290.36396208724
2286.68980273021
2267.56483807553
2229.2879919994
2257.53081349703
2260.73830564015
2281.91439203076
2277.56950135576
2284.70532850532
2287.04564361674
2278.54972144658
2252.13019728567
2249.90184188064
2284.20591544829
2336.90720062083
2331.61988470619
2343.11092360819
2333.45386988562
2367.3928827988
2344.79108264479
2332.32762594224
2359.76235646356
2363.3845967248
2387.15542527403
2373.19615795246
2390.03510549197
2408.54397366448
2396.97851014099
2389.43510156969
2429.77882458292
2454.73029650281
2443.33958792635
2453.80858999774
2442.4490895737
2486.10487033458
2462.4328256962
2457.01817651083
2414.47713555435
2427.44448939118
2444.99674110921
2424.9791927528
2404.60605813638
2423.34471762184
2435.71732198493
2427.94167380523
2418.74040495498
2428.85090376754
2396.33981367132
2376.47799239986
2382.1919387225
2409.58563814389
2456.02304365939
2444.112333878
2455.03032951417
2485.38388457852
2487.80989528575
2516.94934740878
2492.17770233833
2488.13412893446
2467.60996651911
2483.45407036424
2466.84007348534
2394.36068202614
2427.55077855048
2413.7408538894
2424.27736413205
2450.85560633681
2462.87112120389
2508.71122221826
2492.26724299145
2519.8555435367
2514.34405421177
2521.26249562415
2503.88364845547
2532.01029923857
2510.21677032131
2485.88198668438
2484.73668162402
2499.62456380001
2493.67513888296
2490.56996850575
2492.2795207549
2497.38166549391
2505.23884733221
2534.49818010762
2511.97532077396
2516.62277463606
2551.87874425522
2546.13404539179
2529.31574487524
2535.13171591848
2540.91614229359
2552.33234049057
2549.80053935817
2539.17761769344
2533.99986535256
2536.90121252163
2501.60724613523
2499.72184011682
2495.54501031948
2497.78653385013
2444.49495123584
2459.07950127813
2471.80984223565
2469.50583514776
2462.64742264952
2463.14914203999
2502.76373659711
2526.95744497677
2537.90202222289
2538.15260872459
2548.92718540881
2563.15950223815
2583.25238606006
2562.78723418439
2567.23920473541
2542.90254828921
2544.96520532847
2557.66546998635
2548.75084581897
2523.25376611391
2539.62949806731
2529.9475356865
2548.9105255911
2549.15656911188
2554.47461871684
2561.82108969343
2561.49696033897
2548.97894761501
2572.7742085294
2568.46031534081
2550.36331120792
2543.44945252067
2547.36414387452
2555.85587942343
2534.53470315472
2536.34414401712
2568.15376547487
2577.27894340845
2578.7816360018
2550.69515260694
2566.19027887389
2566.07881372499
2574.64869647287
2567.14858124743
2578.98835067591
2587.88132467188
2550.16907448038
2562.78067610318
2564.09703018414
2578.64993893263
2537.52703665503
2546.99712608778
2454.0794695812
2490.91373514811
2488.54955826135
2516.39350211373
2468.92236312096
2465.88795048919
2441.41666081826
2461.94255850219
2461.11072470679
2473.01922328645
2452.09767676642
2474.67141472015
2499.90906332425
2517.21353418723
2528.87049295613
2530.12906922418
2544.79438318217
2548.34041021266
2531.4315335873
2531.76481465483
2541.49774214887
2541.79485612461
2548.94031912039
2549.44605892965
2569.61907625163
2564.7959713499
2545.70034223914
2560.03588781668
2555.58661045197
2554.50731671631
2557.091951064
2563.84471538812
2563.00300771383
2541.72267932959
2529.588249006
2503.45195924388
2528.48999507921
2521.83530450743
2512.22590122312
2548.18200747954
2576.22023676423
2577.73362671527
2576.51366592305
2606.53099458656
2648.34263760739
2641.34826685444
2636.13072422964
2633.20140469618
2659.26035192375
2631.21592810915
2641.89384887705
2661.42122294381
2674.80813990668
2664.69137605808
2653.20037197645
2660.36312818713
2682.46645409764
2679.00220268845
2687.09935780613
2708.84663926484
2698.09742195539
2711.95916930056
2679.75849880377
2690.08593272245
2692.94912711241
2734.06511870513
2717.30299769719
2721.20792700017
2741.45536564127
2737.14654526969
2723.85007246584
2694.13219217842
2673.21231897956
2666.77738653489
2697.91111501878
2663.74617484013
2674.75781347745
2649.28580764418
2687.10338080617
2668.08860480518
2692.35018583707
2735.21831354099
2720.38081498735
2754.74440275387
2732.92890090186
2748.35216145282
2783.98614256019
2785.41382220268
2811.06225773302
2766.16555481467
2773.22267799062
2777.93630379768
2773.70961988478
2761.19395456225
2799.59638733104
2816.98629928595
2804.73633962483
2823.99333666051
2856.54684261325
2875.29255413547
2901.47257779092
2874.77444866749
2931.05966688685
2784.28552108082
2867.30189611162
2883.52352437241
2843.33919345369
2841.26396692714
2779.59915941975
2870.61067525455
2801.34540424178
2816.7965517342
2795.60437940682
2860.03784081787
2848.90208713232
2848.34865698929
2847.60719817532
2851.50495684951
2859.65680267336
2894.05406909424
2895.13657284432
2897.89784115097
2848.14010840859
2863.7785557721
2882.62474931451
2887.36294607154
2908.90156371665
2892.70413792976
2949.36284399144
2967.53125661303
2963.20842543389
3004.55765778198
3006.34820473716
3022.32548066448
3044.67735626726
2981.07405171215
3044.84294531933
3034.53212205411
3005.55973852257
2990.87526675448
2982.0401644363
3003.98833166369
3013.80944365705
3035.84572032261
3072.86745546247
3078.89608783854
3117.18484318268
3119.97958834936
3160.12472699028
3206.74917453898
3209.61534948081
3242.14076164054
3249.40429734752
3274.29825828215
3247.0234910925
3293.15904144021
3238.42148781875
3198.22552131772
3172.57509642553
3174.69396235433
3232.33689352667
3229.71551184776
3286.77101454512
3267.28989481959
3281.39272819443
3339.79343994228
3386.83802327409
3448.45358786825
3391.89957158344
3469.59366734733
3486.85992989071
3437.31326965732
3346.47607627942
3349.78039037248
3344.27482006365
3269.63662727646
3291.42127896201
3236.33343969321
3295.12960634189
3308.34569874092
3353.60020654722
3436.4179568594
3447.68366851891
3459.70334652267
3449.06208776275
3293.43099964202
3298.14967693643
3172.85320966015
3223.25548147156
3282.58494729579
3318.03480746048
3370.03014531331
3358.58974144781
3363.95211740536
3284.39049912451
3332.19681235539
3351.69670056568
3391.70769539082
3340.44933095294
3352.86907954101
3346.71753134728
3409.76168403995
3400.80411654955
3377.07239486466
3364.44706213744
3389.41298170579
3453.17788613137
3444.37060026122
3473.39357087743
3551.71391580856
3602.71814938977
3581.80213891331
3571.71993450548
3581.94060838116
3595.23231792642
3605.51249284551
3574.58101266668
3565.59919324912
3611.4729062024
3610.72535957799
3540.91375132699
3596.09637020174
3575.95197986913
3615.01605235316
3660.61746212661
3688.28697109189
3653.21274927489
3643.86503708176
3541.12543328145
3610.46954968479
3611.32396640846
3666.91535957467
3674.20518774979
3708.55224099499
3685.87576121117
3677.62373494937
3683.21688022601
3716.66365739198
3755.04939779177
3777.0666784508
3754.64924701552
3742.47839142641
3759.77450257935
3801.31086619167
3756.15676376527
3757.05289024615
3804.49309771509
3818.72725898855
3804.35472779118
3784.67744657835
3831.07656847979
3869.4769064842
3903.16132084896
3964.63784204713
4002.01800062454
4044.76549920964
4093.91850266805
4016.01287668947
4070.52653582857
4146.69556213805
4150.00671145778
4234.49184470913
4251.14973494464
4236.99486653549
4118.42181877859
4249.57578662948
4444.04323915164
4363.26947900069
4339.21449534206
4392.54489649095
4430.86342430626
4453.65709678244
4441.50385939246
4424.3366507894
4294.21470949425
4293.31134700392
4321.39242946169
4415.87888385418
4336.76053501547
4327.67429247707
4368.12710161563
4276.9580751013
4217.66326501694
4104.45831572414
4037.38185787335
4138.73527123613
4194.91766154069
4255.06353728019
4059.87795647822
4066.909590817
3928.7948587631
3977.00727100402
3919.2687364733
3857.75476297218
3969.85363121315
4038.80967711044
4132.94506346009
4081.04390418025
4126.92066746568
4090.37443564625
4117.03817811853
4045.09007721265
3956.86610058134
3816.67246943414
3775.466163726
3865.77400771548
3994.44326532209
3992.67362927595
4047.27650812897
4123.52098730678
4147.43111963431
4136.81304154743
4170.3680441615
4094.01647693897
4120.8744291736
4173.45188426777
4216.85963477872
4301.69252750964
4292.39572340561
4344.12851484404
4337.05954897855
4380.42900116076
4248.19443254906
4181.29830678179
4217.28777017324
4186.47131219373
4177.70473340355
4076.49716901482
4036.52398553465
4012.38026852727
4124.03120754461
4161.91743294657
3947.6481596464
4043.63799905351
3835.91500458656
3508.93031926567
3723.23619373584
3637.15402378472
3710.01042993663
3799.76320008564
3809.24793406908
3922.08946274324
3819.95973722634
3706.25692935154
3753.21087038701
3704.56488914424
3641.99075748917
3672.75725531314
3712.69833376975
3814.13990295843
3842.61322807777
3855.72592422524
3958.29751144489
3999.14395227431
3852.0904697234
3861.5898349996
3921.25789745539
3978.45394458766
3953.0402963379
4086.95200013725
4108.99981311206
4129.94911384786
4171.00284784788
4207.77191906082
4270.00097360871
4202.48313741604
4129.92700940889
4019.53538874657
4074.18309312576
4035.71215272337
4067.15084813453
4147.62866353188
4176.67737580725
4096.70306553631
4037.51313200612
4129.25285599893
4125.71639168076
4120.30729525171
4110.60088993311
4218.33008410759
4280.51519641875
